0.0333333333333
-1.05561058642
-0.374785416953
-0.757900335802
0.260211156728
-0.576196643069
-0.422302878238
1.13983475624
-0.00925048627549
-0.612857824875
-0.534945812237
-0.632230620513
-0.00164515012063
-2.11169915259
1.64074257313
-0.365990948443
-1.40752025554
0.270248859203
1.01548735463
-0.829469565456
1.43323160186
-0.868144243738
0.187913450552
1.955728144
-0.650419160742
-0.778647270097
-0.0539591982728
0.768130862274
-1.00867466727
-0.216035125081
0.437325352388
1.4659321775
-0.118035210691
0.38398970886
0.713903235435
0.641223584893
0.318200801125
1.12525506629
-0.200230733177
0.433290385305
0.0697247085919
1.47361810896
-0.0378740853354
0.384978916349
-0.499810150816
0.203078322042
-0.742481391156
-0.672180267755
0.510234309277
0.315103829602
1.06333716234
1.34140401928
-0.679107916615
0.63555912472
-0.407041881259
-1.00680959703
0.553858097336
-0.974519875132
-0.114013249716
-1.17160265094
0.647469708263
-0.012558050686
0.713921959526
-1.28387768771
0.035441916769
1.20131995956
-1.63007125361
-0.213136148226
-1.35927587222
0.399794651574
-2.07179609807
-0.0337801597084
0.179752232864
-0.938917733803
-0.266282977208
-0.0980350466471
-0.216524237922
-1.27277487155
-0.334343076565
1.02604766801
-0.32023394029
-0.476115853609
-0.894991985242
0.601818335858
-0.061835681202
-0.0735315078252
0.190978049945
0.918075752329
0.331940693724
0.625543471459
0.433586664627
0.00114292109618
1.2170058445
-1.10645008443
1.1462180786
0.736698353501
1.36745734938
0.214549819493
1.0330692744
0.749560654109
-1.18000349016
0.0725310450861
-0.677344004431
-0.208613316392
-2.00847099914
0.0360876150011
0.279573336171
-0.779302880705
0.795808773222
-0.313590517829
0.894215100986
-0.0824933236984
-1.16166818441
-0.441937782617
-1.97788480824
1.16188064319
-1.49532382951
-0.894012581966
0.498538960846
-0.159183142577
0.779934265454
-1.33366758848
-0.468090961105
-1.00216748528
-0.876476960667
-0.13846849414
-0.015263667693
0.294343832587
-0.150743493277
1.72341848616
0.0293224851973
-0.415671806493
0.228493603987
-0.775109443973
0.283004975071
0.341911388033
-2.18930816561
-0.0598671978536
-1.3237929606
0.666933112899
-0.225846824024
-0.0635513070013
0.188957391197
-1.9985419665
0.586957780303
-0.0405066335305
0.393950560047
-0.13560197381
-0.173394520802
0.0170352457098
0.0814735850698
-1.02229983998
1.48304773096
0.490079726124
-0.778462174497
0.58147677651
-0.436517285822
-0.716972737169
-1.51090522307
-0.635042618774
0.070634413547
0.0818406842133
0.769518366143
-0.00876879490348
-0.700972178565
-1.17071987004
0.2199328846
-1.34633406363
-0.370400660357
1.06743922754
-0.165957461778
-0.371091379097
-0.360052963856
0.231468334922
0.634916056397
1.69620346067
0.477933311359
-0.379941916162
1.15482183139
0.0810847513748
-0.652903617758
1.49668289041
1.48420792647
0.0564181065589
1.83300369715
1.32609793579
0.987354626247
-1.15558224295
0.453567969017
0.706783797558
1.81884974261
-1.37063056021
-1.76600340088
0.239486360993
-1.0898442038
1.14241736503
0.378032885029
0.96769205399
-1.09576980087
-0.263878831786
-0.790360089956
-1.43758366995
-0.79853844056
-0.250980680734
-1.50227222866
0.000991940948255
0.112774069496
-0.602249027355
-0.366768674435
-0.380179527401
0.0728407963731
-0.640824151856
-1.17201230217
-1.01245905155
0.0342108726937
3.30633668898
-1.26507759804
1.11513457263
0.70917747655
-0.652880502129
1.48606913217
1.53580991337
-0.0160199530133
-0.28919964806
0.615741352572
2.41475522494
-1.36455542105
0.443481995524
-0.101509171702
0.318884805092
1.00617523735
0.294951717211
1.61140797449
-0.671200272928
-0.696247364331
-0.646918820514
-1.55400926573
2.77446570712
-1.366612741
1.41410607005
1.19030105766
-1.1112971707
0.0176153092466
-1.12253927515
0.51319780657
-0.0927897643881
0.0029881869618
-0.760729961778
-1.20504621745
-0.450360699773
0.606788359231
-0.260358580629
0.755807385746
0.0398164819508
0.14151278852
0.483471695863
1.26972191359
-1.0513294186
-0.517352780339
0.99323353639
0.56873153453
0.171070872621
0.349782291121
1.34541963744
-0.722309452194
0.376624238056
0.596669976518
1.21768836607
0.660979782661
0.804285944344
-0.644334845519
-2.27045496298
-1.61806735113
-0.488420304787
0.707256676617
-0.0203664206207
-1.46901523299
-0.694528286463
0.696822463574
-0.420199557654
-0.529579991393
-0.976520605684
-1.46241642778
0.508438112879
-1.18544458529
-0.692801641051
0.783525254246
-1.89477558969
-0.795417999583
0.151367702287
2.22219288093
-0.859412398391
0.608864660205
0.178241318098
-0.393080163605
-0.580406241388
-1.61024621105
0.234110465286
-0.687569066377
-0.312749381278
0.47888873273
