0.001
0.0
0.015711079635
0.0314220041459
0.0471326184103
0.0628427673086
0.078552295726
0.0942610485537
0.109968870691
0.125675607045
0.141381102536
0.157085202094
0.172787750664
0.188488593206
0.204187574698
0.219884540134
0.23557933453
0.251271802924
0.266961790373
0.282649141964
0.298333702805
0.314015318035
0.32969383282
0.345369092358
0.361040941879
0.376709226646
0.392373791958
0.408034483149
0.423691145593
0.439343624703
0.454991765934
0.470635414783
0.486274416792
0.501908617549
0.517537862688
0.533161997894
0.5487808689
0.564394321494
0.580002201515
0.595604354858
0.611200627474
0.626790865373
0.642374914625
0.657952621358
0.673523831766
0.689088392106
0.704646148701
0.72019694794
0.735740636282
0.751277060256
0.766806066461
0.782327501572
0.797841212337
0.813347045581
0.828844848205
0.844334467193
0.859815749605
0.875288542589
0.890752693371
0.906208049266
0.921654457674
0.937091766086
0.95251982208
0.967938473326
0.983347567587
0.998746952722
1.01413647668
1.02951598752
1.04488533339
1.06024436253
1.07559292331
1.09093086416
1.10625803367
1.12157428048
1.13687945338
1.15217340125
1.16745597308
1.18272701798
1.19798638517
1.213233924
1.2284694839
1.24369291445
1.25890406534
1.27410278639
1.28928892752
1.30446233881
1.31962287042
1.33477037268
1.34990469602
1.36502569102
1.38013320837
1.39522709892
1.41030721363
1.42537340361
1.4404255201
1.45546341448
1.47048693827
1.48549594315
1.50049028092
1.51546980353
1.53043436307
1.54538381181
1.56031800213
1.57523678657
1.59014001785
1.60502754881
1.61989923245
1.63475492194
1.64959447061
1.66441773194
1.67922455955
1.69401480727
1.70878832906
1.72354497905
1.73828461154
1.75300708099
1.76771224206
1.78239994953
1.7970700584
1.81172242382
1.82635690111
1.84097334578
1.85557161353
1.8701515602
1.88471304184
1.89925591469
1.91378003514
1.9282852598
1.94277144545
1.95723844906
1.97168612779
1.98611433898
2.00052294018
2.01491178913
2.02928074376
2.04362966219
2.05795840275
2.07226682397
2.08655478456
2.10082214346
2.1150687598
2.12929449292
2.14349920234
2.15768274783
2.17184498935
2.18598578705
2.20010500132
2.21420249276
2.22827812216
2.24233175056
2.2563632392
2.27037244954
2.28435924324
2.29832348223
2.31226502861
2.32618374474
2.34007949319
2.35395213676
2.36780153847
2.38162756159
2.3954300696
2.40920892622
2.42296399542
2.43669514136
2.45040222849
2.46408512146
2.47774368517
2.49137778477
2.50498728563
2.51857205339
2.53213195392
2.54566685332
2.55917661797
2.57266111448
2.58612020969
2.59955377073
2.61296166496
2.62634376
2.63969992371
2.65303002422
2.66633392992
2.67961150946
2.69286263172
2.70608716589
2.71928498138
2.73245594789
2.74559993537
2.75871681404
2.7718064544
2.78486872721
2.79790350348
2.81091065453
2.82389005193
2.83684156751
2.84976507342
2.86266044204
2.87552754605
2.88836625841
2.90117645236
2.91395800141
2.92671077936
2.9394346603
2.9521295186
2.96479522892
2.97743166619
2.99003870566
3.00261622285
3.01516409356
3.02768219392
3.04017040033
3.05262858947
3.06505663834
3.07745442424
3.08982182476
3.10215871778
3.11446498149
3.12674049439
3.13898513528
3.15119878326
3.16338131773
3.17553261841
3.18765256533
3.19974103882
3.21179791952
3.22382308839
3.23581642669
3.24777781601
3.25970713825
3.27160427563
3.28346911067
3.29530152623
3.30710140549
3.31886863192
3.33060308936
3.34230466194
3.35397323412
3.36560869069
3.37721091677
3.38877979781
3.40031521958
3.41181706818
3.42328523005
3.43471959196
3.44612004101
3.45748646464
3.46881875062
3.48011678706
3.49138046241
3.50260966545
3.51380428532
3.52496421149
3.53608933376
3.54717954229
3.55823472758
3.56925478049
3.58023959219
3.59118905424
3.60210305851
3.61298149726
3.62382426308
3.6346312489
3.64540234802
3.6561374541
3.66683646114
3.67749926351
3.68812575592
3.69871583345
3.70926939154
3.719786326
3.73026653297
3.74070990899
3.75111635094
3.76148575608
3.77181802201
3.78211304673
3.79237072858
3.80259096629
3.81277365895
3.82291870601
3.83302600731
3.84309546305
3.85312697382
3.86312044057
3.87307576461
3.88299284768
3.89287159183
3.90271189954
3.91251367365
3.92227681737
3.93200123432
3.94168682848
3.95133350421
3.96094116627
3.9705097198
3.98003907033
3.98952912375
3.99897978638
4.00839096491
4.0177625664
4.02709449833
4.03638666856
4.04563898535
4.05485135733
4.06402369356
4.07315590346
4.08224789688
4.09129958403
4.10031087556
4.10928168248
4.11821191622
4.1271014886
4.13595031187
4.14475829864
4.15352536195
4.16225141525
4.17093637236
4.17958014754
4.18818265546
4.19674381115
4.20526353011
4.21374172821
4.22217832174
4.2305732274
4.23892636231
4.24723764398
4.25550699036
4.2637343198
4.27191955106
4.28006260334
4.28816339622
4.29622184972
4.30423788429
4.31221142077
4.32014238043
4.32803068497
4.3358762565
4.34367901757
4.35143889112
4.35915580054
4.36682966964
4.37446042265
4.38204798423
4.38959227945
4.39709323384
4.40455077333
4.41196482429
4.41933531351
4.42666216823
4.43394531609
4.4411846852
4.44838020407
4.45553180165
4.46263940734
4.46970295096
4.47672236276
4.48369757345
4.49062851414
4.4975151164
4.50435731225
4.51115503412
4.5179082149
4.52461678791
4.5312806869
4.5378998461
4.54447420013
4.55100368409
4.55748823351
4.56392778436
4.57032227307
4.57667163649
4.58297581193
4.58923473716
4.59544835037
4.60161659021
4.60773939579
4.61381670664
4.61984846276
4.6258346046
4.63177507305
4.63766980945
4.64351875562
4.64932185379
4.65507904668
4.66079027743
4.66645548965
4.67207462742
4.67764763525
4.6831744581
4.68865504143
4.69408933111
4.69947727348
4.70481881535
4.71011390398
4.71536248709
4.72056451285
4.7257199299
4.73082868734
4.73589073474
4.7409060221
4.74587449991
4.75079611911
4.75567083111
4.76049858779
4.76527934146
4.77001304493
4.77469965146
4.77933911478
4.78393138908
4.78847642901
4.79297418971
4.79742462675
4.80182769621
4.8061833546
4.81049155893
4.81475226665
4.81896543569
4.82313102446
4.82724899183
4.83131929714
4.83534190019
4.83931676128
4.84324384116
4.84712310105
4.85095450265
4.85473800812
4.85847358013
4.86216118177
4.86580077665
4.86939232882
4.87293580283
4.87643116368
4.87987837687
4.88327740836
4.88662822459
4.88993079247
4.8931850794
4.89639105325
4.89954868236
4.90265793555
4.90571878212
4.90873119186
4.91169513502
4.91461058234
4.91747750502
4.92029587477
4.92306566375
4.92578684463
4.92845939052
4.93108327504
4.93365847229
4.93618495684
4.93866270375
4.94109168854
4.94347188725
4.94580327635
4.94808583285
4.9503195342
4.95250435834
4.9546402837
4.95672728921
4.95876535423
4.96075445867
4.96269458287
4.96458570768
4.96642781443
4.96822088493
4.96996490147
4.97165984685
4.97330570431
4.97490245761
4.97645009099
4.97794858916
4.97939793734
4.9807981212
4.98214912692
4.98345094117
4.9847035511
4.98590694432
4.98706110897
4.98816603364
4.98922170743
4.99022811992
4.99118526116
4.9920931217
4.99295169259
4.99376096535
4.99452093197
4.99523158497
4.99589291733
4.99650492251
4.99706759447
4.99758092766
4.99804491701
4.99845955793
4.99882484634
4.99914077862
4.99940735166
4.99962456283
4.99979240998
4.99991089144
4.99998000607
4.99999975316
4.99997013253
4.99989114447
4.99976278975
4.99958506966
4.99935798593
4.99908154081
4.99875573704
4.99838057782
4.99795606687
4.99748220837
4.99695900701
4.99638646794
4.99576459683
4.99509339981
4.99437288351
4.99360305504
4.992783922
4.99191549249
4.99099777507
4.99003077881
4.98901451325
4.98794898844
4.98683421488
4.98567020359
4.98445696606
4.98319451427
4.98188286068
4.98052201824
4.9791120004
4.97765282106
4.97614449465
4.97458703605
4.97298046064
4.97132478428
4.96962002332
4.96786619459
4.96606331541
4.96421140357
4.96231047737
4.96036055558
4.95836165744
4.95631380269
4.95421701155
4.95207130473
4.94987670341
4.94763322925
4.94534090441
4.94299975153
4.94060979371
4.93817105456
4.93568355815
4.93314732905
4.9305623923
4.92792877341
4.9252464984
4.92251559374
4.9197360864
4.91690800382
4.91403137393
4.91110622513
4.9081325863
4.9051104868
4.90203995646
4.89892102562
4.89575372505
4.89253808604
4.88927414034
4.88596192016
4.88260145822
4.87919278769
4.87573594223
4.87223095597
4.86867786351
4.86507669995
4.86142750083
4.85773030218
4.85398514052
4.85019205281
4.84635107651
4.84246224955
4.83852561031
4.83454119768
4.83050905098
4.82642921003
4.82230171511
4.81812660698
4.81390392686
4.80963371644
4.80531601788
4.80095087382
4.79653832735
4.79207842204
4.78757120193
4.78301671152
4.77841499578
4.77376610014
4.7690700705
4.76432695324
4.75953679517
4.75469964361
4.7498155463
4.74488455147
4.73990670781
4.73488206447
4.72981067105
4.72469257764
4.71952783475
4.7143164934
4.70905860503
4.70375422155
4.69840339535
4.69300617924
4.68756262653
4.68207279096
4.67653672672
4.67095448849
4.66532613138
4.65965171096
4.65393128326
4.64816490476
4.64235263239
4.63649452354
4.63059063605
4.62464102821
4.61864575878
4.61260488693
4.60651847232
4.60038657505
4.59420925564
4.58798657511
4.58171859488
4.57540537684
4.56904698333
4.56264347713
4.55619492147
4.54970138
4.54316291686
4.53657959658
4.52995148419
4.52327864511
4.51656114524
4.50979905089
4.50299242884
4.49614134629
4.48924587089
4.48230607071
4.47532201428
4.46829377056
4.46122140893
4.45410499924
4.44694461173
4.43974031712
4.43249218653
4.42520029152
4.41786470411
4.4104854967
4.40306274217
4.39559651379
4.3880868853
4.38053393083
4.37293772496
4.36529834269
4.35761585945
4.34989035109
4.34212189389
4.33431056456
4.32645644022
4.31855959841
4.3106201171
4.3026380747
4.29461355
4.28654662224
4.27843737107
4.27028587655
4.26209221917
4.25385647983
4.24557873985
4.23725908095
4.22889758529
4.22049433541
4.21204941429
4.20356290531
4.19503489226
4.18646545934
4.17785469116
4.16920267275
4.16050948953
4.15177522733
4.14299997239
4.13418381135
4.12532683125
4.11642911956
4.10749076412
4.09851185318
4.0894924754
4.08043271983
4.07133267592
4.06219243353
4.05301208289
4.04379171466
4.03453141986
4.02523128994
4.01589141671
4.0065118924
3.99709280961
3.98763426134
3.97813634098
3.96859914232
3.95902275951
3.94940728712
3.93975282007
3.93005945369
3.92032728369
3.91055640616
3.90074691758
3.8908989148
3.88101249505
3.87108775594
3.86112479548
3.85112371203
3.84108460433
3.83100757151
3.82089271306
3.81074012885
3.80054991913
3.79032218451
3.78005702597
3.76975454486
3.75941484292
3.74903802222
3.73862418522
3.72817343475
3.71768587399
3.70716160649
3.69660073616
3.68600336727
3.67536960447
3.66469955273
3.65399331742
3.64325100424
3.63247271926
3.62165856889
3.61080865992
3.59992309946
3.58900199499
3.57804545436
3.56705358572
3.55602649763
3.54496429894
3.53386709889
3.52273500704
3.51156813331
3.50036658795
3.48913048157
3.47785992509
3.46655502981
3.45521590734
3.44384266964
3.432435429
3.42099429806
3.40951938977
3.39801081744
3.3864686947
3.3748931355
3.36328425414
3.35164216525
3.33996698376
3.32825882496
3.31651780444
3.30474403814
3.29293764229
3.28109873348
3.26922742859
3.25732384483
3.24538809974
3.23342031116
3.22142059726
3.20938907652
3.19732586773
3.18523109
3.17310486274
3.16094730569
3.14875853889
3.13653868267
3.1242878577
3.11200618493
3.09969378562
3.08735078135
3.07497729398
3.06257344568
3.05013935893
3.03767515649
3.02518096142
3.01265689709
3.00010308716
2.98751965557
2.97490672657
2.9622644247
2.94959287477
2.93689220191
2.9241625315
2.91140398925
2.89861670112
2.88580079336
2.87295639252
2.86008362541
2.84718261914
2.83425350108
2.82129639889
2.80831144051
2.79529875413
2.78225846825
2.7691907116
2.75609561323
2.74297330243
2.72982390875
2.71664756203
2.70344439238
2.69021453014
2.67695810594
2.66367525068
2.6503660955
2.63703077181
2.62366941127
2.61028214582
2.59686910763
2.58343042913
2.56996624302
2.55647668223
2.54296187995
2.52942196962
2.51585708493
2.50226735981
2.48865292844
2.47501392524
2.46135048488
2.44766274227
2.43395083254
2.42021489109
2.40645505354
2.39267145575
2.37886423381
2.36503352404
2.35117946301
2.3373021875
2.32340183453
2.30947854135
2.29553244543
2.28156368446
2.26757239638
2.25355871931
2.23952279163
2.22546475192
2.21138473898
2.19728289183
2.18315934972
2.16901425208
2.15484773858
2.14065994909
2.1264510237
2.1122211027
2.09797032658
2.08369883607
2.06940677206
2.05509427566
2.0407614882
2.02640855119
2.01203560635
1.99764279557
1.98323026098
1.96879814488
1.95434658976
1.93987573831
1.92538573341
1.91087671813
1.89634883572
1.88180222962
1.86723704346
1.85265342105
1.83805150639
1.82343144364
1.80879337716
1.79413745147
1.77946381129
1.76477260149
1.75006396713
1.73533805343
1.72059500579
1.70583496978
1.69105809113
1.67626451575
1.66145438969
1.64662785918
1.63178507062
1.61692617056
1.6020513057
1.58716062291
1.57225426923
1.55733239182
1.54239513801
1.5274426553
1.51247509132
1.49749259384
1.48249531081
1.46748339028
1.4524569805
1.43741622981
1.42236128673
1.4072922999
1.39220941811
1.37711279028
1.36200256546
1.34687889284
1.33174192176
1.31659180166
1.30142868213
1.28625271289
1.27106404377
1.25586282475
1.2406492059
1.22542333745
1.21018536973
1.19493545319
1.17967373839
1.16440037604
1.14911551693
1.13381931197
1.11851191219
1.10319346874
1.08786413286
1.0725240559
1.05717338932
1.0418122847
1.0264408937
1.01105936808
0.995667859725
0.980266520598
0.964855502765
0.949434958387
0.934005039721
0.918565899113
0.903117689004
0.88766056192
0.872194670481
0.856720167387
0.841237205428
0.825745937476
0.810246516483
0.794739095485
0.779223827595
0.763700866002
0.748170363975
0.732632474853
0.717087352052
0.701535149056
0.685976019421
0.670410116771
0.654837594796
0.639258607253
0.62367330796
0.608081850801
0.592484389719
0.576881078715
0.561272071849
0.545657523238
0.530037587053
0.514412417518
0.498782168908
0.48314699555
0.467507051819
0.451862492135
0.436213470966
0.420560142824
0.404902662263
0.389241183876
0.3735758623
0.357906852205
0.3422343083
0.326558385329
0.31087923807
0.29519702133
0.279511889949
0.263823998795
0.248133502763
0.232440556773
0.216745315771
0.201047934724
0.185348568621
0.169647372471
0.153944501299
0.13824011015
0.122534354081
0.106827388163
0.0911193674803
0.0754104471263
0.0597007822038
0.0439905278229
0.0282798390996
0.012568871154
-0.00314222089098
-0.018853281911
-0.0345641567824
-0.050274690383
-0.0659847275941
-0.081694113302
-0.0974026923995
-0.113110309787
-0.128816810375
-0.144522039084
-0.160225840848
-0.175928060615
-0.191628543349
-0.207327134029
-0.223023677656
-0.238718019248
-0.254410003847
-0.270099476517
-0.285786282348
-0.301470266455
-0.317151273981
-0.332829150101
-0.348503740016
-0.364174888964
-0.379842442215
-0.395506245074
-0.411166142885
-0.426821981027
-0.442473604924
-0.458120860038
-0.473763591874
-0.489401645984
-0.505034867965
-0.520663103461
-0.536286198167
-0.551903997826
-0.567516348236
-0.583123095248
-0.598724084768
-0.614319162758
-0.62990817524
-0.645490968295
-0.661067388066
-0.676637280758
-0.692200492642
-0.707756870052
-0.723306259393
-0.738848507136
-0.754383459826
-0.769910964076
-0.785430866575
-0.800943014088
-0.816447253453
-0.831943431589
-0.847431395494
-0.862910992246
-0.878382069008
-0.893844473025
-0.909298051628
-0.924742652235
-0.940178122354
-0.955604309582
-0.971021061607
-0.986428226211
-1.00182565127
-1.01721318476
-1.03259067475
-1.04795796941
-1.06331491701
-1.07866136592
-1.09399716462
-1.10932216168
-1.12463620581
-1.13993914579
-1.15523083053
-1.17051110904
-1.18577983046
-1.20103684403
-1.21628199911
-1.23151514517
-1.24673613181
-1.26194480874
-1.27714102581
-1.29232463296
-1.30749548029
-1.32265341801
-1.33779829645
-1.35292996607
-1.36804827748
-1.3831530814
-1.3982442287
-1.41332157037
-1.42838495754
-1.44343424149
-1.45846927363
-1.47348990551
-1.48849598881
-1.50348737539
-1.51846391721
-1.53342546641
-1.54837187527
-1.5633029962
-1.57821868179
-1.59311878477
-1.60800315802
-1.62287165458
-1.63772412763
-1.65256043055
-1.66738041684
-1.68218394017
-1.69697085438
-1.71174101347
-1.72649427161
-1.74123048313
-1.75594950253
-1.77065118448
-1.78533538383
-1.80000195559
-1.81465075495
-1.82928163727
-1.8438944581
-1.85848907315
-1.87306533833
-1.88762310971
-1.90216224356
-1.91668259632
-1.93118402463
-1.94566638531
-1.96012953536
-1.97457333199
-1.98899763257
-2.0034022947
-2.01778717615
-2.03215213488
-2.04649702906
-2.06082171707
-2.07512605745
-2.08940990899
-2.10367313064
-2.11791558158
-2.13213712119
-2.14633760904
-2.16051690493
-2.17467486886
-2.18881136104
-2.20292624189
-2.21701937205
-2.23109061237
-2.24513982391
-2.25916686796
-2.27317160603
-2.28715389983
-2.30111361132
-2.31505060266
-2.32896473624
-2.34285587468
-2.35672388083
-2.37056861775
-2.38438994876
-2.39818773739
-2.41196184741
-2.42571214281
-2.43943848783
-2.45314074694
-2.46681878486
-2.48047246653
-2.49410165714
-2.50770622213
-2.52128602716
-2.53484093817
-2.54837082131
-2.56187554299
-2.57535496988
-2.58880896888
-2.60223740717
-2.61564015214
-2.62901707147
-2.64236803308
-2.65569290515
-2.66899155612
-2.68226385468
-2.69550966979
-2.70872887065
-2.72192132677
-2.73508690786
-2.74822548396
-2.76133692532
-2.7744211025
-2.78747788631
-2.80050714782
-2.81350875841
-2.82648258968
-2.83942851356
-2.8523464022
-2.86523612808
-2.87809756392
-2.89093058273
-2.9037350578
-2.91651086272
-2.92925787133
-2.94197595779
-2.95466499651
-2.96732486221
-2.9799554299
-2.99255657486
-3.00512817268
-3.01767009922
-3.03018223067
-3.04266444348
-3.0551166144
-3.06753862048
-3.07993033909
-3.09229164786
-3.10462242476
-3.11692254802
-3.1291918962
-3.14143034817
-3.15363778309
-3.16581408041
-3.17795911993
-3.19007278173
-3.2021549462
-3.21420549404
-3.22622430629
-3.23821126426
-3.2501662496
-3.26208914428
-3.27397983058
-3.28583819109
-3.29766410872
-3.30945746672
-3.32121814864
-3.33294603837
-3.3446410201
-3.35630297836
-3.36793179802
-3.37952736425
-3.39108956256
-3.40261827879
-3.41411339912
-3.42557481005
-3.43700239841
-3.44839605137
-3.45975565643
-3.47108110144
-3.48237227458
-3.49362906435
-3.50485135962
-3.51603904958
-3.52719202377
-3.53831017207
-3.5493933847
-3.56044155224
-3.5714545656
-3.58243231604
-3.59337469517
-3.60428159495
-3.61515290769
-3.62598852606
-3.63678834307
-3.64755225208
-3.65828014682
-3.66897192136
-3.67962747015
-3.69024668796
-3.70082946996
-3.71137571165
-3.72188530891
-3.73235815796
-3.7427941554
-3.7531931982
-3.76355518367
-3.77388000951
-3.78416757378
-3.79441777489
-3.80463051165
-3.81480568322
-3.82494318913
-3.83504292929
-3.84510480398
-3.85512871386
-3.86511455994
-3.87506224364
-3.88497166675
-3.8948427314
-3.90467534015
-3.91446939591
-3.92422480198
-3.93394146204
-3.94361928015
-3.95325816076
-3.96285800869
-3.97241872917
-3.98194022778
-3.99142241054
-4.0008651838
-4.01026845433
-4.0196321293
-4.02895611625
-4.03824032312
-4.04748465824
-4.05668903034
-4.06585334854
-4.07497752234
-4.08406146168
-4.09310507684
-4.10210827855
-4.11107097791
-4.11999308642
-4.12887451599
-4.13771517893
-4.14651498796
-4.15527385618
-4.16399169711
-4.17266842469
-4.18130395323
-4.18989819748
-4.19845107258
-4.20696249409
-4.21543237796
-4.22386064056
-4.23224719869
-4.24059196953
-4.2488948707
-4.25715582021
-4.2653747365
-4.27355153842
-4.28168614523
-4.28977847662
-4.29782845269
-4.30583599396
-4.31380102136
-4.32172345624
-4.3296032204
-4.33744023602
-4.34523442573
-4.35298571258
-4.36069402002
-4.36835927195
-4.37598139268
-4.38356030697
-4.39109593997
-4.39858821729
-4.40603706495
-4.41344240941
-4.42080417754
-4.42812229666
-4.43539669451
-4.44262729927
-4.44981403955
-4.4569568444
-4.46405564327
-4.47111036609
-4.4781209432
-4.48508730538
-4.49200938385
-4.49888711025
-4.5057204167
-4.5125092357
-4.51925350025
-4.52595314374
-4.53260810002
-4.5392183034
-4.5457836886
-4.55230419079
-4.55877974561
-4.5652102891
-4.57159575779
-4.57793608861
-4.58423121898
-4.59048108673
-4.59668563017
-4.60284478801
-4.60895849946
-4.61502670415
-4.62104934217
-4.62702635404
-4.63295768076
-4.63884326376
-4.64468304494
-4.65047696662
-4.65622497161
-4.66192700315
-4.66758300495
-4.67319292115
-4.67875669637
-4.68427427567
-4.68974560458
-4.69517062907
-4.70054929559
-4.70588155101
-4.71116734271
-4.71640661848
-4.72159932659
-4.72674541578
-4.73184483523
-4.7368975346
-4.741903464
-4.746862574
-4.75177481564
-4.75664014041
-4.76145850028
-4.76622984767
-4.77095413548
-4.77563131706
-4.78026134622
-4.78484417726
-4.78937976492
-4.79386806442
-4.79830903145
-4.80270262216
-4.80704879316
-4.81134750155
-4.81559870489
-4.81980236119
-4.82395842896
-4.82806686715
-4.83212763521
-4.83614069303
-4.840106001
-4.84402351997
-4.84789321125
-4.85171503663
-4.85548895839
-4.85921493926
-4.86289294245
-4.86652293164
-4.870104871
-4.87363872516
-4.87712445923
-4.88056203879
-4.88395142989
-4.88729259908
-4.89058551337
-4.89383014024
-4.89702644766
-4.90017440406
-4.90327397837
-4.90632513998
-4.90932785876
-4.91228210508
-4.91518784976
-4.9180450641
-4.92085371991
-4.92361378944
-4.92632524545
-4.92898806117
-4.9316022103
-4.93416766703
-4.93668440603
-4.93915240245
-4.94157163193
-4.94394207058
-4.94626369499
-4.94853648224
-4.9507604099
-4.952935456
-4.95506159906
-4.9571388181
-4.9591670926
-4.96114640255
-4.96307672839
-4.96495805106
-4.966790352
-4.96857361311
-4.97030781679
-4.9719929459
-4.97362898381
-4.97521591438
-4.97675372192
-4.97824239126
-4.9796819077
-4.98107225703
-4.98241342551
-4.98370539991
-4.98494816746
-4.98614171591
-4.98728603346
-4.98838110881
-4.98942693116
-4.99042349017
-4.99137077601
-4.99226877933
-4.99311749126
-4.99391690341
-4.9946670079
-4.99536779731
-4.99601926474
-4.99662140374
-4.99717420838
-4.99767767319
-4.9981317932
-4.99853656394
-4.99889198139
-4.99919804206
-4.99945474292
-4.99966208144
-4.99982005557
-4.99992866375
-4.9999879049
-4.99999777845
-4.99995828429
-4.99986942282
-4.99973119492
-4.99954360194
-4.99930664574
-4.99902032865
-4.99868465352
-4.99829962365
-4.99786524283
-4.99738151537
-4.99684844604
-4.9962660401
-4.99563430329
-4.99495324187
-4.99422286255
-4.99344317254
-4.99261417955
-4.99173589175
-4.99080831782
-4.98983146693
-4.9888053487
-4.98772997328
-4.98660535128
-4.98543149381
-4.98420841245
-4.98293611928
-4.98161462687
-4.98024394827
-4.97882409699
-4.97735508708
-4.97583693302
-4.97426964981
-4.97265325292
-4.97098775832
-4.96927318244
-4.96750954222
-4.96569685507
-4.96383513889
-4.96192441205
-4.95996469343
-4.95795600238
-4.95589835872
-4.95379178277
-4.95163629534
-4.9494319177
-4.94717867162
-4.94487657935
-4.94252566361
-4.94012594763
-4.93767745508
-4.93518021016
-4.9326342375
-4.93003956227
-4.92739621006
-4.92470420698
-4.92196357961
-4.91917435502
-4.91633656073
-4.91345022477
-4.91051537563
-4.9075320423
-4.90450025423
-4.90142004136
-4.89829143409
-4.89511446332
-4.89188916041
-4.88861555722
-4.88529368606
-4.88192357973
-4.8785052715
-4.87503879514
-4.87152418486
-4.86796147536
-4.86435070182
-4.8606918999
-4.85698510572
-4.85323035587
-4.84942768743
-4.84557713795
-4.84167874545
-4.83773254841
-4.83373858579
-4.82969689704
-4.82560752206
-4.82147050123
-4.81728587539
-4.81305368586
-4.80877397442
-4.80444678334
-4.80007215533
-4.79565013359
-4.79118076179
-4.78666408404
-4.78210014495
-4.77748898958
-4.77283066345
-4.76812521257
-4.76337268338
-4.75857312282
-4.75372657827
-4.74883309758
-4.74389272908
-4.73890552154
-4.7338715242
-4.72879078676
-4.72366335939
-4.71848929272
-4.71326863783
-4.70800144627
-4.70268777005
-4.69732766162
-4.69192117392
-4.68646836032
-4.68096927466
-4.67542397124
-4.66983250481
-4.66419493058
-4.6585113042
-4.65278168181
-4.64700611996
-4.64118467569
-4.63531740647
-4.62940437024
-4.62344562537
-4.6174412307
-4.61139124551
-4.60529572955
-4.59915474299
-4.59296834647
-4.58673660106
-4.58045956831
-4.57413731018
-4.56776988909
-4.56135736793
-4.55489980999
-4.54839727905
-4.5418498393
-4.53525755539
-4.52862049241
-4.52193871588
-4.5152122918
-4.50844128656
-4.50162576701
-4.49476580047
-4.48786145465
-4.48091279772
-4.47391989831
-4.46688282544
-4.4598016486
-4.4526764377
-4.44550726311
-4.43829419559
-4.43103730638
-4.42373666712
-4.4163923499
-4.40900442722
-4.40157297204
-4.39409805774
-4.3865797581
-4.37901814737
-4.37141330021
-4.3637652917
-4.35607419735
-4.34834009311
-4.34056305534
-4.33274316082
-4.32488048676
-4.3169751108
-4.30902711099
-4.30103656581
-4.29300355415
-4.28492815532
-4.27681044906
-4.26865051552
-4.26044843527
-4.25220428928
-4.24391815896
-4.23559012613
-4.227220273
-4.21880868222
-4.21035543684
-4.20186062033
-4.19332431656
-4.18474660981
-4.17612758477
-4.16746732655
-4.15876592065
-4.15002345299
-4.14124000989
-4.13241567806
-4.12355054464
-4.11464469715
-4.10569822354
-4.09671121213
-4.08768375165
-4.07861593125
-4.06950784044
-4.06035956916
-4.05117120774
-4.0419428469
-4.03267457775
-4.02336649181
-4.01401868098
-4.00463123755
-3.99520425421
-3.98573782404
-3.97623204051
-3.96668699747
-3.95710278917
-3.94747951023
-3.93781725568
-3.92811612091
-3.91837620171
-3.90859759424
-3.89878039506
-3.88892470109
-3.87903060964
-3.86909821842
-3.85912762547
-3.84911892926
-3.83907222859
-3.82898762268
-3.81886521107
-3.80870509374
-3.79850737097
-3.78827214348
-3.7779995123
-3.76768957888
-3.757342445
-3.74695821284
-3.73653698491
-3.72607886411
-3.71558395371
-3.70505235731
-3.69448417892
-3.68387952287
-3.67323849387
-3.66256119698
-3.65184773763
-3.64109822159
-3.63031275501
-3.61949144436
-3.60863439651
-3.59774171864
-3.5868135183
-3.5758499034
-3.56485098218
-3.55381686325
-3.54274765554
-3.53164346835
-3.52050441132
-3.50933059444
-3.49812212801
-3.48687912272
-3.47560168957
-3.46428993991
-3.45294398543
-3.44156393815
-3.43014991043
-3.41870201497
-3.4072203648
-3.39570507328
-3.38415625412
-3.37257402134
-3.36095848929
-3.34930977267
-3.33762798649
-3.32591324609
-3.31416566713
-3.30238536561
-3.29057245783
-3.27872706044
-3.26684929039
-3.25493926495
-3.24299710173
-3.23102291862
-3.21901683386
-3.206978966
-3.19490943388
-3.18280835668
-3.17067585388
-3.15851204527
-3.14631705094
-3.13409099131
-3.12183398709
-3.1095461593
-3.09722762927
-3.08487851862
-3.07249894928
-3.06008904349
-3.04764892376
-3.03517871294
-3.02267853414
-3.01014851079
-2.9975887666
-2.98499942558
-2.97238061204
-2.95973245056
-2.94705506603
-2.93434858361
-2.92161312878
-2.90884882726
-2.89605580509
-2.88323418859
-2.87038410434
-2.85750567922
-2.84459904039
-2.83166431529
-2.81870163161
-2.80571111736
-2.7926929008
-2.77964711045
-2.76657387514
-2.75347332393
-2.74034558617
-2.72719079149
-2.71400906977
-2.70080055116
-2.68756536607
-2.67430364518
-2.66101551943
-2.64770112003
-2.63436057843
-2.62099402635
-2.60760159577
-2.59418341891
-2.58073962827
-2.56727035658
-2.55377573683
-2.54025590225
-2.52671098635
-2.51314112285
-2.49954644574
-2.48592708924
-2.47228318783
-2.45861487622
-2.44492228936
-2.43120556245
-2.41746483093
-2.40370023045
-2.38991189694
-2.37609996652
-2.36226457556
-2.34840586069
-2.33452395872
-2.32061900672
-2.30669114198
-2.29274050203
-2.2787672246
-2.26477144766
-2.25075330939
-2.23671294821
-2.22265050274
-2.20856611183
-2.19445991455
-2.18033205016
-2.16618265817
-2.15201187828
-2.1378198504
-2.12360671465
-2.10937261138
-2.09511768113
-2.08084206463
-2.06654590285
-2.05222933693
-2.03789250823
-2.02353555831
-2.00915862892
-1.99476186201
-1.98034539973
-1.96590938442
-1.95145395861
-1.93697926503
-1.9224854466
-1.90797264643
-1.8934410078
-1.87889067419
-1.86432178927
-1.84973449689
-1.83512894107
-1.82050526602
-1.80586361613
-1.79120413596
-1.77652697026
-1.76183226394
-1.74712016208
-1.73239080996
-1.717644353
-1.7028809368
-1.68810070712
-1.67330380991
-1.65849039126
-1.64366059743
-1.62881457483
-1.61395247007
-1.59907442987
-1.58418060114
-1.56927113093
-1.55434616645
-1.53940585506
-1.52445034428
-1.50947978177
-1.49449431534
-1.47949409296
-1.46447926272
-1.44944997288
-1.43440637183
-1.41934860811
-1.40427683038
-1.38919118746
-1.3740918283
-1.35897890198
-1.34385255772
-1.32871294487
-1.31356021292
-1.29839451147
-1.28321599026
-1.26802479916
-1.25282108816
-1.23760500737
-1.22237670704
-1.20713633751
-1.19188404927
-1.1766199929
-1.16134431913
-1.14605717877
-1.13075872276
-1.11544910216
-1.10012846812
-1.08479697191
-1.0694547649
-1.05410199859
-1.03873882455
-1.02336539448
-1.00798186017
-0.992588373497
-0.97718508646
-0.961772151142
-0.946349719723
-0.930917944478
-0.915476977772
-0.900026972062
-0.884568079896
-0.869100453906
-0.853624246814
-0.838139611424
-0.822646700625
-0.807145667386
-0.791636664757
-0.776119845869
-0.760595363926
-0.74506337221
-0.729524024077
-0.713977472956
-0.698423872345
-0.682863375815
-0.667296137003
-0.651722309612
-0.636142047411
-0.620555504233
-0.604962833972
-0.589364190583
-0.573759728079
-0.558149600534
-0.542533962073
-0.526912966878
-0.511286769184
-0.495655523277
-0.480019383493
-0.464378504216
-0.448733039876
-0.433083144951
-0.417428973959
-0.401770681464
-0.386108422067
-0.370442350412
-0.354772621177
-0.339099389079
-0.323422808867
-0.307743035326
-0.29206022327
-0.276374527544
-0.260686103022
-0.244995104603
-0.229301687215
-0.213606005805
-0.197908215348
-0.182208470834
-0.166506927277
-0.150803739706
-0.135099063168
-0.119393052723
-0.103685863445
-0.08797765042
-0.0722685687438
-0.0565587735206
-0.0408484198619
-0.0251376628843
-0.00942665770895
0.00628444054096
0.0219954767412
0.037706295768
0.0534167425001
0.0691266618195
0.0848358986137
0.100544297777
0.116251704211
0.131957962829
0.147662918554
0.163366416323
0.179068301085
0.194768417809
0.210466611478
0.226162727096
0.241856609685
0.257548104292
0.273237055987
0.288923309863
0.304606711041
0.320287104672
0.335964335933
0.351638250035
0.367308692221
0.382975507768
0.398638541989
0.414297640234
0.429952647892
0.445603410394
0.46124977321
0.476891581856
0.492528681891
0.508160918922
0.523788138603
0.539410186638
0.555026908782
0.570638150842
0.586243758682
0.601843578216
0.617437455421
0.63302523633
0.648606767035
0.664181893691
0.679750462518
0.695312319798
0.71086731188
0.726415285181
0.741956086188
0.757489561458
0.773015557621
0.788533921379
0.804044499512
0.819547138875
0.835041686403
0.850527989108
0.866005894087
0.881475248518
0.896935899663
0.91238769487
0.927830481576
0.943264107306
0.958688419675
0.974103266391
0.989508495253
1.00490395416
1.0202894911
1.03566495417
1.05103019155
1.06638505154
1.08172938252
1.097063033
1.11238585159
1.12769768697
1.14299838799
1.15828780356
1.17356578272
1.18883217462
1.20408682854
1.21932959385
1.23456032006
1.24977885678
1.26498505375
1.28017876083
1.29535982801
1.3105281054
1.32568344323
1.34082569186
1.35595470179
1.37107032364
1.38617240816
1.40126080625
1.41633536892
1.43139594735
1.44644239282
1.46147455678
1.4764922908
1.49149544661
1.50648387607
1.52145743119
1.53641596413
1.55135932721
1.56628737286
1.58119995371
1.5960969225
1.61097813217
1.62584343576
1.64069268652
1.65552573782
1.67034244322
1.68514265641
1.69992623127
1.71469302183
1.7294428823
1.74417566703
1.75889123056
1.7735894276
1.78827011303
1.80293314189
1.8175783694
1.83220565098
1.84681484219
1.86140579879
1.87597837671
1.89053243208
1.90506782119
1.91958440053
1.93408202676
1.94856055674
1.96301984753
1.97745975635
1.99188014063
2.00628085799
2.02066176625
2.03502272341
2.04936358769
2.06368421748
2.07798447138
2.09226420822
2.10652328699
2.12076156691
2.13497890739
2.14917516806
2.16335020875
2.17750388951
2.19163607058
2.20574661243
2.21983537575
2.23390222142
2.24794701055
2.26196960448
2.27596986475
2.28994765313
2.30390283161
2.31783526239
2.33174480793
2.34563133088
2.35949469413
2.3733347608
2.38715139424
2.40094445804
2.414713816
2.42845933218
2.44218087085
2.45587829654
2.46955147401
2.48320026824
2.49682454449
2.51042416823
2.52399900517
2.5375489213
2.55107378283
2.56457345621
2.57804780816
2.59149670564
2.60492001586
2.61831760629
2.63168934463
2.64503509887
2.65835473724
2.67164812822
2.68491514057
2.69815564328
2.71136950563
2.72455659715
2.73771678764
2.75084994715
2.76395594603
2.77703465486
2.79008594451
2.80310968613
2.81610575111
2.82907401114
2.84201433819
2.85492660448
2.86781068252
2.8806664451
2.89349376529
2.90629251644
2.91906257218
2.93180380642
2.94451609336
2.95719930749
2.96985332358
2.98247801669
2.99507326217
3.00763893565
3.02017491308
3.03268107067
3.04515728495
3.05760343273
3.07001939112
3.08240503754
3.09476024969
3.10708490559
3.11937888354
3.13164206217
3.14387432038
3.15607553741
3.16824559278
3.18038436634
3.19249173823
3.20456758891
3.21661179914
3.22862425001
3.24060482292
3.25255339956
3.26446986197
3.27635409249
3.28820597378
3.30002538882
3.31181222091
3.32356635367
3.33528767105
3.34697605732
3.35863139706
3.37025357521
3.381842477
3.39339798802
3.40491999417
3.41640838169
3.42786303714
3.43928384744
3.45067069981
3.46202348182
3.47334208139
3.48462638676
3.49587628652
3.50709166958
3.51827242521
3.52941844302
3.54052961296
3.55160582532
3.56264697073
3.57365294019
3.58462362503
3.59555891692
3.6064587079
3.61732289034
3.62815135699
3.63894400091
3.64970071556
3.66042139473
3.67110593255
3.68175422355
3.69236616258
3.70294164486
3.71348056598
3.72398282189
3.73444830888
3.74487692362
3.75526856316
3.76562312488
3.77594050655
3.78622060629
3.79646332262
3.8066685544
3.81683620086
3.82696616162
3.83705833665
3.84711262631
3.85712893134
3.86710715282
3.87704719225
3.88694895148
3.89681233274
3.90663723864
3.91642357219
3.92617123675
3.93588013608
3.94555017432
3.955181256
3.96477328601
3.97432616965
3.98383981261
3.99331412094
4.0027490011
4.01214435994
4.02150010469
4.03081614297
4.04009238281
4.04932873262
4.05852510119
4.06768139774
4.07679753184
4.08587341351
4.09490895311
4.10390406145
4.1128586497
4.12177262946
4.13064591271
4.13947841184
4.14827003964
4.15702070931
4.16573033444
4.17439882905
4.18302610755
4.19161208474
4.20015667587
4.20865979655
4.21712136285
4.2255412912
4.23391949848
4.24225590197
4.25055041935
4.25880296873
4.26701346862
4.27518183796
4.28330799611
4.29139186281
4.29943335827
4.30743240307
4.31538891824
4.32330282523
4.33117404589
4.33900250251
4.34678811779
4.35453081486
4.36223051727
4.369887149
4.37750063446
4.38507089846
4.39259786627
4.40008146356
4.40752161645
4.41491825147
4.4222712956
4.42958067623
4.4368463212
4.44406815876
4.45124611762
4.4583801269
4.46547011615
4.47251601539
4.47951775504
4.48647526596
4.49338847947
4.50025732731
4.50708174164
4.51386165511
4.52059700075
4.52728771208
4.53393372303
4.54053496797
4.54709138174
4.5536028996
4.56006945725
4.56649099085
4.57286743699
4.57919873272
4.58548481552
4.59172562333
4.59792109453
4.60407116795
4.61017578286
4.616234879
4.62224839653
4.62821627608
4.63413845872
4.64001488599
4.64584549987
4.65163024278
4.6573690576
4.66306188768
4.66870867681
4.67430936923
4.67986390965
4.68537224322
4.69083431555
4.69625007272
4.70161946125
4.70694242813
4.7122189208
4.71744888716
4.72263227557
4.72776903487
4.73285911432
4.73790246367
4.74289903313
4.74784877335
4.75275163548
4.7576075711
4.76241653227
4.7671784715
4.77189334178
4.77656109655
4.78118168973
4.7857550757
4.79028120929
4.79476004583
4.79919154109
4.80357565131
4.80791233321
4.81220154398
4.81644324125
4.82063738315
4.82478392827
4.82888283566
4.83293406486
4.83693757587
4.84089332916
4.84480128567
4.84866140681
4.85247365447
4.85623799102
4.85995437928
4.86362278256
4.86724316464
4.87081548977
4.87433972269
4.87781582859
4.88124377316
4.88462352255
4.88795504338
4.89123830277
4.8944732683
4.89765990802
4.90079819047
4.90388808468
4.90692956012
4.90992258677
4.91286713507
4.91576317596
4.91861068084
4.9214096216
4.92415997059
4.92686170067
4.92951478515
4.93211919785
4.93467491305
4.9371819055
4.93964015047
4.94204962368
4.94441030134
4.94672216014
4.94898517725
4.95119933034
4.95336459753
4.95548095745
4.95754838921
4.95956687239
4.96153638706
4.96345691378
4.96532843358
4.96715092798
4.968924379
4.97064876911
4.9723240813
4.97395029902
4.97552740622
4.97705538732
4.97853422725
4.97996391138
4.98134442562
4.98267575633
4.98395789037
4.98519081507
4.98637451826
4.98750898826
4.98859421386
4.98963018435
4.9906168895
4.99155431957
4.9924424653
4.99328131793
4.99407086916
4.99481111121
4.99550203677
4.99614363901
4.9967359116
4.99727884869
4.99777244493
4.99821669543
4.99861159581
4.99895714217
4.99925333111
4.99950015969
4.99969762547
4.99984572652
4.99994446136
4.99999382903
4.99999382903
4.99994446136
4.99984572652
4.99969762547
4.99950015969
4.99925333111
4.99895714217
4.99861159581
4.99821669543
4.99777244493
4.99727884869
4.9967359116
4.99614363901
4.99550203677
4.99481111121
4.99407086916
4.99328131793
4.9924424653
4.99155431957
4.9906168895
4.98963018435
4.98859421386
4.98750898826
4.98637451826
4.98519081507
4.98395789037
4.98267575633
4.98134442562
4.97996391138
4.97853422725
4.97705538732
4.97552740622
4.97395029902
4.9723240813
4.97064876911
4.968924379
4.96715092798
4.96532843358
4.96345691378
4.96153638706
4.95956687239
4.95754838921
4.95548095745
4.95336459753
4.95119933034
4.94898517725
4.94672216014
4.94441030134
4.94204962368
4.93964015047
4.9371819055
4.93467491305
4.93211919785
4.92951478515
4.92686170067
4.92415997059
4.9214096216
4.91861068084
4.91576317596
4.91286713507
4.90992258677
4.90692956012
4.90388808468
4.90079819047
4.89765990802
4.8944732683
4.89123830277
4.88795504338
4.88462352255
4.88124377316
4.87781582859
4.87433972269
4.87081548977
4.86724316464
4.86362278256
4.85995437928
4.85623799102
4.85247365447
4.84866140681
4.84480128567
4.84089332916
4.83693757587
4.83293406486
4.82888283566
4.82478392827
4.82063738315
4.81644324125
4.81220154398
4.80791233321
4.80357565131
4.79919154109
4.79476004583
4.79028120929
4.7857550757
4.78118168973
4.77656109655
4.77189334178
4.7671784715
4.76241653227
4.7576075711
4.75275163548
4.74784877335
4.74289903313
4.73790246367
4.73285911432
4.72776903487
4.72263227557
4.71744888716
4.7122189208
4.70694242813
4.70161946125
4.69625007272
4.69083431555
4.68537224322
4.67986390965
4.67430936923
4.66870867681
4.66306188768
4.6573690576
4.65163024278
4.64584549987
4.64001488599
4.63413845872
4.62821627608
4.62224839653
4.616234879
4.61017578286
4.60407116795
4.59792109453
4.59172562333
4.58548481552
4.57919873272
4.57286743699
4.56649099085
4.56006945725
4.5536028996
4.54709138174
4.54053496797
4.53393372303
4.52728771208
4.52059700075
4.51386165511
4.50708174164
4.50025732731
4.49338847947
4.48647526596
4.47951775504
4.47251601539
4.46547011615
4.4583801269
4.45124611762
4.44406815876
4.4368463212
4.42958067623
4.4222712956
4.41491825147
4.40752161645
4.40008146356
4.39259786627
4.38507089846
4.37750063446
4.369887149
4.36223051727
4.35453081486
4.34678811779
4.33900250251
4.33117404589
4.32330282523
4.31538891824
4.30743240307
4.29943335827
4.29139186281
4.28330799611
4.27518183796
4.26701346862
4.25880296873
4.25055041935
4.24225590197
4.23391949848
4.2255412912
4.21712136285
4.20865979655
4.20015667587
4.19161208474
4.18302610755
4.17439882905
4.16573033444
4.15702070931
4.14827003964
4.13947841184
4.13064591271
4.12177262946
4.1128586497
4.10390406145
4.09490895311
4.08587341351
4.07679753184
4.06768139774
4.05852510119
4.04932873262
4.04009238281
4.03081614297
4.02150010469
4.01214435994
4.0027490011
3.99331412094
3.98383981261
3.97432616965
3.96477328601
3.955181256
3.94555017432
3.93588013608
3.92617123675
3.91642357219
3.90663723864
3.89681233274
3.88694895148
3.87704719225
3.86710715282
3.85712893134
3.84711262631
3.83705833665
3.82696616162
3.81683620086
3.8066685544
3.79646332262
3.78622060629
3.77594050655
3.76562312488
3.75526856316
3.74487692362
3.73444830888
3.72398282189
3.71348056598
3.70294164486
3.69236616258
3.68175422355
3.67110593255
3.66042139473
3.64970071556
3.63894400092
3.62815135699
3.61732289034
3.6064587079
3.59555891692
3.58462362503
3.57365294019
3.56264697073
3.55160582532
3.54052961296
3.52941844302
3.51827242521
3.50709166958
3.49587628652
3.48462638676
3.47334208139
3.46202348182
3.45067069981
3.43928384744
3.42786303714
3.41640838169
3.40491999417
3.39339798802
3.381842477
3.37025357521
3.35863139706
3.34697605732
3.33528767105
3.32356635367
3.31181222091
3.30002538882
3.28820597378
3.27635409249
3.26446986197
3.25255339956
3.24060482292
3.22862425001
3.21661179914
3.20456758891
3.19249173823
3.18038436634
3.16824559278
3.15607553741
3.14387432038
3.13164206217
3.11937888354
3.10708490559
3.09476024969
3.08240503754
3.07001939112
3.05760343273
3.04515728495
3.03268107067
3.02017491308
3.00763893565
2.99507326217
2.98247801669
2.96985332358
2.95719930749
2.94451609336
2.93180380642
2.91906257218
2.90629251644
2.89349376529
2.8806664451
2.86781068252
2.85492660448
2.84201433819
2.82907401114
2.81610575111
2.80310968613
2.79008594451
2.77703465486
2.76395594603
2.75084994715
2.73771678764
2.72455659715
2.71136950563
2.69815564328
2.68491514057
2.67164812822
2.65835473724
2.64503509887
2.63168934463
2.61831760629
2.60492001586
2.59149670564
2.57804780816
2.56457345621
2.55107378283
2.5375489213
2.52399900517
2.51042416823
2.49682454449
2.48320026824
2.46955147401
2.45587829654
2.44218087085
2.42845933218
2.414713816
2.40094445804
2.38715139424
2.3733347608
2.35949469413
2.34563133088
2.33174480793
2.31783526239
2.30390283161
2.28994765313
2.27596986475
2.26196960448
2.24794701055
2.23390222142
2.21983537575
2.20574661243
2.19163607058
2.17750388951
2.16335020875
2.14917516806
2.13497890739
2.12076156691
2.10652328699
2.09226420822
2.07798447138
2.06368421748
2.04936358769
2.03502272341
2.02066176625
2.00628085799
1.99188014063
1.97745975635
1.96301984753
1.94856055674
1.93408202676
1.91958440053
1.90506782119
1.89053243208
1.87597837671
1.86140579879
1.84681484219
1.83220565098
1.8175783694
1.80293314189
1.78827011303
1.7735894276
1.75889123056
1.74417566703
1.7294428823
1.71469302183
1.69992623127
1.68514265641
1.67034244322
1.65552573782
1.64069268652
1.62584343576
1.61097813217
1.5960969225
1.58119995371
1.56628737286
1.55135932721
1.53641596413
1.52145743119
1.50648387607
1.49149544661
1.4764922908
1.46147455678
1.44644239282
1.43139594735
1.41633536892
1.40126080625
1.38617240816
1.37107032364
1.35595470179
1.34082569186
1.32568344323
1.3105281054
1.29535982801
1.28017876083
1.26498505375
1.24977885678
1.23456032006
1.21932959385
1.20408682854
1.18883217462
1.17356578272
1.15828780356
1.14299838799
1.12769768697
1.11238585159
1.097063033
1.08172938252
1.06638505154
1.05103019155
1.03566495417
1.0202894911
1.00490395416
0.989508495253
0.974103266391
0.958688419675
0.943264107306
0.927830481576
0.91238769487
0.896935899663
0.881475248518
0.866005894087
0.850527989108
0.835041686403
0.819547138875
0.804044499512
0.788533921379
0.773015557621
0.757489561458
0.741956086188
0.726415285181
0.71086731188
0.695312319798
0.679750462518
0.664181893691
0.648606767035
0.63302523633
0.617437455421
0.601843578216
0.586243758682
0.570638150842
0.555026908782
0.539410186638
0.523788138603
0.508160918922
0.492528681891
0.476891581856
0.46124977321
0.445603410394
0.429952647892
0.414297640234
0.398638541989
0.382975507768
0.367308692221
0.351638250035
0.335964335933
0.320287104672
0.304606711041
0.288923309863
0.273237055987
0.257548104292
0.241856609685
0.226162727096
0.210466611478
0.194768417809
0.179068301085
0.163366416323
0.147662918554
0.131957962829
0.116251704211
0.100544297777
0.0848358986137
0.0691266618195
0.0534167425001
0.037706295768
0.0219954767412
0.00628444054096
-0.00942665770895
-0.0251376628843
-0.0408484198618
-0.0565587735206
-0.0722685687438
-0.08797765042
-0.103685863445
-0.119393052723
-0.135099063168
-0.150803739706
-0.166506927277
-0.182208470834
-0.197908215348
-0.213606005805
-0.229301687215
-0.244995104603
-0.260686103022
-0.276374527544
-0.29206022327
-0.307743035326
-0.323422808867
-0.339099389079
-0.354772621177
-0.370442350412
-0.386108422067
-0.401770681464
-0.417428973959
-0.433083144951
-0.448733039876
-0.464378504216
-0.480019383493
-0.495655523277
-0.511286769184
-0.526912966878
-0.542533962073
-0.558149600534
-0.573759728079
-0.589364190583
-0.604962833972
-0.620555504233
-0.636142047411
-0.651722309612
-0.667296137003
-0.682863375815
-0.698423872345
-0.713977472956
-0.729524024077
-0.74506337221
-0.760595363926
-0.776119845869
-0.791636664757
-0.807145667386
-0.822646700625
-0.838139611424
-0.853624246814
-0.869100453906
-0.884568079896
-0.900026972062
-0.915476977772
-0.930917944478
-0.946349719723
-0.961772151142
-0.97718508646
-0.992588373497
-1.00798186017
-1.02336539448
-1.03873882455
-1.05410199859
-1.0694547649
-1.08479697191
-1.10012846812
-1.11544910216
-1.13075872276
-1.14605717877
-1.16134431913
-1.1766199929
-1.19188404927
-1.20713633751
-1.22237670704
-1.23760500737
-1.25282108816
-1.26802479916
-1.28321599026
-1.29839451147
-1.31356021292
-1.32871294487
-1.34385255772
-1.35897890198
-1.3740918283
-1.38919118746
-1.40427683038
-1.41934860811
-1.43440637183
-1.44944997288
-1.46447926272
-1.47949409296
-1.49449431534
-1.50947978177
-1.52445034428
-1.53940585506
-1.55434616645
-1.56927113093
-1.58418060114
-1.59907442987
-1.61395247007
-1.62881457483
-1.64366059743
-1.65849039126
-1.67330380991
-1.68810070712
-1.7028809368
-1.717644353
-1.73239080996
-1.74712016208
-1.76183226394
-1.77652697026
-1.79120413596
-1.80586361613
-1.82050526602
-1.83512894107
-1.84973449689
-1.86432178927
-1.87889067419
-1.8934410078
-1.90797264643
-1.9224854466
-1.93697926503
-1.95145395861
-1.96590938442
-1.98034539973
-1.99476186201
-2.00915862892
-2.02353555831
-2.03789250823
-2.05222933693
-2.06654590285
-2.08084206463
-2.09511768113
-2.10937261138
-2.12360671465
-2.1378198504
-2.15201187828
-2.16618265817
-2.18033205016
-2.19445991455
-2.20856611183
-2.22265050274
-2.23671294821
-2.25075330939
-2.26477144766
-2.2787672246
-2.29274050203
-2.30669114198
-2.32061900672
-2.33452395872
-2.34840586069
-2.36226457556
-2.37609996652
-2.38991189694
-2.40370023045
-2.41746483093
-2.43120556245
-2.44492228936
-2.45861487622
-2.47228318783
-2.48592708924
-2.49954644574
-2.51314112285
-2.52671098635
-2.54025590225
-2.55377573683
-2.56727035658
-2.58073962827
-2.59418341891
-2.60760159577
-2.62099402635
-2.63436057843
-2.64770112003
-2.66101551943
-2.67430364518
-2.68756536607
-2.70080055116
-2.71400906977
-2.72719079149
-2.74034558617
-2.75347332393
-2.76657387514
-2.77964711045
-2.7926929008
-2.80571111736
-2.81870163161
-2.83166431529
-2.84459904039
-2.85750567922
-2.87038410434
-2.88323418859
-2.89605580509
-2.90884882726
-2.92161312878
-2.93434858361
-2.94705506603
-2.95973245056
-2.97238061204
-2.98499942558
-2.9975887666
-3.01014851079
-3.02267853414
-3.03517871294
-3.04764892376
-3.06008904349
-3.07249894928
-3.08487851862
-3.09722762927
-3.1095461593
-3.12183398709
-3.13409099131
-3.14631705094
-3.15851204527
-3.17067585388
-3.18280835668
-3.19490943388
-3.206978966
-3.21901683386
-3.23102291862
-3.24299710173
-3.25493926495
-3.26684929039
-3.27872706044
-3.29057245783
-3.30238536561
-3.31416566713
-3.32591324609
-3.33762798649
-3.34930977267
-3.36095848929
-3.37257402134
-3.38415625412
-3.39570507328
-3.4072203648
-3.41870201497
-3.43014991043
-3.44156393815
-3.45294398543
-3.46428993991
-3.47560168957
-3.48687912272
-3.49812212801
-3.50933059444
-3.52050441132
-3.53164346835
-3.54274765554
-3.55381686325
-3.56485098218
-3.5758499034
-3.5868135183
-3.59774171864
-3.60863439651
-3.61949144436
-3.63031275501
-3.64109822159
-3.65184773763
-3.66256119698
-3.67323849387
-3.68387952287
-3.69448417892
-3.70505235731
-3.71558395371
-3.72607886411
-3.73653698491
-3.74695821284
-3.757342445
-3.76768957888
-3.7779995123
-3.78827214348
-3.79850737097
-3.80870509374
-3.81886521107
-3.82898762268
-3.83907222859
-3.84911892926
-3.85912762547
-3.86909821842
-3.87903060964
-3.88892470109
-3.89878039506
-3.90859759424
-3.91837620171
-3.92811612091
-3.93781725568
-3.94747951023
-3.95710278917
-3.96668699747
-3.97623204051
-3.98573782404
-3.99520425421
-4.00463123755
-4.01401868098
-4.02336649181
-4.03267457775
-4.0419428469
-4.05117120774
-4.06035956916
-4.06950784044
-4.07861593125
-4.08768375165
-4.09671121213
-4.10569822354
-4.11464469715
-4.12355054464
-4.13241567806
-4.14124000989
-4.15002345299
-4.15876592065
-4.16746732655
-4.17612758477
-4.18474660981
-4.19332431656
-4.20186062033
-4.21035543684
-4.21880868222
-4.227220273
-4.23559012613
-4.24391815896
-4.25220428928
-4.26044843527
-4.26865051552
-4.27681044906
-4.28492815532
-4.29300355415
-4.30103656581
-4.30902711099
-4.3169751108
-4.32488048676
-4.33274316082
-4.34056305534
-4.34834009311
-4.35607419735
-4.3637652917
-4.37141330021
-4.37901814737
-4.3865797581
-4.39409805774
-4.40157297204
-4.40900442722
-4.4163923499
-4.42373666712
-4.43103730638
-4.43829419559
-4.44550726311
-4.4526764377
-4.4598016486
-4.46688282544
-4.47391989831
-4.48091279772
-4.48786145465
-4.49476580047
-4.50162576701
-4.50844128656
-4.5152122918
-4.52193871588
-4.52862049241
-4.53525755539
-4.5418498393
-4.54839727905
-4.55489980999
-4.56135736793
-4.56776988909
-4.57413731018
-4.58045956831
-4.58673660106
-4.59296834647
-4.59915474299
-4.60529572955
-4.61139124551
-4.6174412307
-4.62344562537
-4.62940437024
-4.63531740647
-4.64118467569
-4.64700611996
-4.65278168181
-4.6585113042
-4.66419493058
-4.66983250481
-4.67542397124
-4.68096927466
-4.68646836032
-4.69192117392
-4.69732766162
-4.70268777005
-4.70800144627
-4.71326863783
-4.71848929272
-4.72366335939
-4.72879078676
-4.7338715242
-4.73890552154
-4.74389272908
-4.74883309758
-4.75372657827
-4.75857312282
-4.76337268338
-4.76812521257
-4.77283066345
-4.77748898958
-4.78210014495
-4.78666408404
-4.79118076179
-4.79565013359
-4.80007215533
-4.80444678334
-4.80877397442
-4.81305368586
-4.81728587539
-4.82147050123
-4.82560752206
-4.82969689704
-4.83373858579
-4.83773254841
-4.84167874545
-4.84557713795
-4.84942768743
-4.85323035587
-4.85698510572
-4.8606918999
-4.86435070182
-4.86796147536
-4.87152418486
-4.87503879514
-4.8785052715
-4.88192357973
-4.88529368606
-4.88861555722
-4.89188916041
-4.89511446332
-4.89829143409
-4.90142004136
-4.90450025423
-4.9075320423
-4.91051537563
-4.91345022477
-4.91633656073
-4.91917435502
-4.92196357961
-4.92470420698
-4.92739621006
-4.93003956227
-4.9326342375
-4.93518021016
-4.93767745508
-4.94012594763
-4.94252566361
-4.94487657935
-4.94717867162
-4.9494319177
-4.95163629534
-4.95379178277
-4.95589835872
-4.95795600238
-4.95996469343
-4.96192441205
-4.96383513889
-4.96569685507
-4.96750954222
-4.96927318244
-4.97098775832
-4.97265325292
-4.97426964981
-4.97583693302
-4.97735508708
-4.97882409699
-4.98024394827
-4.98161462687
-4.98293611928
-4.98420841245
-4.98543149381
-4.98660535128
-4.98772997328
-4.9888053487
-4.98983146693
-4.99080831782
-4.99173589175
-4.99261417955
-4.99344317254
-4.99422286255
-4.99495324187
-4.99563430329
-4.9962660401
-4.99684844604
-4.99738151537
-4.99786524283
-4.99829962365
-4.99868465352
-4.99902032865
-4.99930664574
-4.99954360194
-4.99973119492
-4.99986942282
-4.99995828429
-4.99999777845
-4.9999879049
-4.99992866375
-4.99982005557
-4.99966208144
-4.99945474292
-4.99919804206
-4.99889198139
-4.99853656394
-4.9981317932
-4.99767767319
-4.99717420838
-4.99662140374
-4.99601926474
-4.99536779731
-4.9946670079
-4.99391690341
-4.99311749126
-4.99226877933
-4.99137077601
-4.99042349017
-4.98942693116
-4.98838110881
-4.98728603346
-4.98614171591
-4.98494816746
-4.98370539991
-4.98241342551
-4.98107225703
-4.9796819077
-4.97824239126
-4.97675372192
-4.97521591438
-4.97362898381
-4.9719929459
-4.97030781679
-4.96857361311
-4.966790352
-4.96495805106
-4.96307672839
-4.96114640255
-4.9591670926
-4.9571388181
-4.95506159906
-4.952935456
-4.9507604099
-4.94853648224
-4.94626369499
-4.94394207058
-4.94157163193
-4.93915240245
-4.93668440603
-4.93416766703
-4.9316022103
-4.92898806117
-4.92632524545
-4.92361378944
-4.92085371991
-4.9180450641
-4.91518784976
-4.91228210508
-4.90932785876
-4.90632513998
-4.90327397837
-4.90017440406
-4.89702644766
-4.89383014024
-4.89058551337
-4.88729259908
-4.88395142989
-4.88056203879
-4.87712445923
-4.87363872516
-4.870104871
-4.86652293164
-4.86289294245
-4.85921493926
-4.85548895839
-4.85171503663
-4.84789321125
-4.84402351997
-4.840106001
-4.83614069303
-4.83212763521
-4.82806686715
-4.82395842896
-4.81980236119
-4.81559870489
-4.81134750155
-4.80704879316
-4.80270262216
-4.79830903145
-4.79386806442
-4.78937976492
-4.78484417726
-4.78026134622
-4.77563131706
-4.77095413548
-4.76622984767
-4.76145850028
-4.75664014041
-4.75177481564
-4.746862574
-4.741903464
-4.7368975346
-4.73184483523
-4.72674541578
-4.72159932659
-4.71640661848
-4.71116734271
-4.70588155101
-4.70054929559
-4.69517062907
-4.68974560458
-4.68427427567
-4.67875669637
-4.67319292115
-4.66758300495
-4.66192700315
-4.65622497161
-4.65047696662
-4.64468304494
-4.63884326376
-4.63295768076
-4.62702635404
-4.62104934217
-4.61502670415
-4.60895849946
-4.60284478801
-4.59668563017
-4.59048108673
-4.58423121898
-4.57793608861
-4.57159575779
-4.5652102891
-4.55877974561
-4.55230419079
-4.5457836886
-4.5392183034
-4.53260810002
-4.52595314374
-4.51925350025
-4.5125092357
-4.5057204167
-4.49888711025
-4.49200938385
-4.48508730538
-4.4781209432
-4.47111036609
-4.46405564327
-4.4569568444
-4.44981403955
-4.44262729927
-4.43539669451
-4.42812229666
-4.42080417754
-4.41344240941
-4.40603706495
-4.39858821729
-4.39109593997
-4.38356030697
-4.37598139268
-4.36835927195
-4.36069402002
-4.35298571258
-4.34523442573
-4.33744023602
-4.3296032204
-4.32172345624
-4.31380102136
-4.30583599396
-4.29782845269
-4.28977847662
-4.28168614523
-4.27355153842
-4.2653747365
-4.25715582021
-4.2488948707
-4.24059196953
-4.23224719869
-4.22386064056
-4.21543237796
-4.20696249409
-4.19845107258
-4.18989819748
-4.18130395323
-4.17266842469
-4.16399169711
-4.15527385618
-4.14651498796
-4.13771517893
-4.12887451599
-4.11999308642
-4.11107097791
-4.10210827855
-4.09310507684
-4.08406146168
-4.07497752234
-4.06585334854
-4.05668903034
-4.04748465824
-4.03824032312
-4.02895611625
-4.0196321293
-4.01026845433
-4.0008651838
-3.99142241054
-3.98194022778
-3.97241872917
-3.96285800869
-3.95325816076
-3.94361928015
-3.93394146204
-3.92422480198
-3.91446939591
-3.90467534015
-3.8948427314
-3.88497166675
-3.87506224364
-3.86511455994
-3.85512871386
-3.84510480398
-3.83504292929
-3.82494318913
-3.81480568322
-3.80463051165
-3.79441777489
-3.78416757378
-3.77388000951
-3.76355518367
-3.7531931982
-3.7427941554
-3.73235815796
-3.72188530891
-3.71137571165
-3.70082946996
-3.69024668796
-3.67962747015
-3.66897192136
-3.65828014682
-3.64755225208
-3.63678834307
-3.62598852606
-3.61515290769
-3.60428159495
-3.59337469517
-3.58243231604
-3.5714545656
-3.56044155224
-3.5493933847
-3.53831017207
-3.52719202377
-3.51603904958
-3.50485135962
-3.49362906435
-3.48237227458
-3.47108110144
-3.45975565643
-3.44839605137
-3.43700239841
-3.42557481005
-3.41411339912
-3.40261827879
-3.39108956256
-3.37952736425
-3.36793179802
-3.35630297836
-3.3446410201
-3.33294603837
-3.32121814864
-3.30945746672
-3.29766410872
-3.28583819109
-3.27397983058
-3.26208914428
-3.2501662496
-3.23821126426
-3.22622430629
-3.21420549404
-3.2021549462
-3.19007278173
-3.17795911993
-3.16581408041
-3.15363778309
-3.14143034817
-3.1291918962
-3.11692254802
-3.10462242476
-3.09229164786
-3.07993033909
-3.06753862048
-3.0551166144
-3.04266444348
-3.03018223067
-3.01767009922
-3.00512817268
-2.99255657486
-2.9799554299
-2.96732486221
-2.95466499651
-2.94197595779
-2.92925787133
-2.91651086272
-2.9037350578
-2.89093058273
-2.87809756392
-2.86523612808
-2.8523464022
-2.83942851356
-2.82648258968
-2.81350875841
-2.80050714782
-2.78747788631
-2.7744211025
-2.76133692532
-2.74822548396
-2.73508690786
-2.72192132677
-2.70872887065
-2.69550966979
-2.68226385468
-2.66899155612
-2.65569290515
-2.64236803308
-2.62901707147
-2.61564015214
-2.60223740717
-2.58880896888
-2.57535496988
-2.56187554299
-2.54837082131
-2.53484093817
-2.52128602716
-2.50770622213
-2.49410165714
-2.48047246653
-2.46681878486
-2.45314074694
-2.43943848783
-2.42571214281
-2.41196184741
-2.39818773739
-2.38438994876
-2.37056861775
-2.35672388083
-2.34285587468
-2.32896473624
-2.31505060266
-2.30111361132
-2.28715389983
-2.27317160603
-2.25916686796
-2.24513982391
-2.23109061237
-2.21701937205
-2.20292624189
-2.18881136104
-2.17467486886
-2.16051690493
-2.14633760904
-2.13213712119
-2.11791558158
-2.10367313064
-2.08940990899
-2.07512605745
-2.06082171707
-2.04649702906
-2.03215213488
-2.01778717615
-2.0034022947
-1.98899763257
-1.97457333199
-1.96012953536
-1.94566638531
-1.93118402463
-1.91668259632
-1.90216224356
-1.88762310971
-1.87306533833
-1.85848907315
-1.8438944581
-1.82928163727
-1.81465075495
-1.80000195559
-1.78533538383
-1.77065118448
-1.75594950253
-1.74123048313
-1.72649427161
-1.71174101347
-1.69697085438
-1.68218394017
-1.66738041684
-1.65256043055
-1.63772412763
-1.62287165458
-1.60800315802
-1.59311878477
-1.57821868179
-1.5633029962
-1.54837187527
-1.53342546641
-1.51846391721
-1.50348737539
-1.48849598881
-1.47348990551
-1.45846927363
-1.44343424149
-1.42838495754
-1.41332157037
-1.3982442287
-1.3831530814
-1.36804827748
-1.35292996607
-1.33779829645
-1.32265341801
-1.30749548029
-1.29232463296
-1.27714102581
-1.26194480874
-1.24673613181
-1.23151514517
-1.21628199911
-1.20103684403
-1.18577983046
-1.17051110904
-1.15523083053
-1.13993914579
-1.12463620581
-1.10932216168
-1.09399716462
-1.07866136592
-1.06331491701
-1.04795796941
-1.03259067475
-1.01721318476
-1.00182565127
-0.986428226211
-0.971021061607
-0.955604309582
-0.940178122354
-0.924742652235
-0.909298051628
-0.893844473025
-0.878382069008
-0.862910992246
-0.847431395494
-0.831943431589
-0.816447253453
-0.800943014088
-0.785430866575
-0.769910964076
-0.754383459826
-0.738848507136
-0.723306259393
-0.707756870052
-0.692200492642
-0.676637280758
-0.661067388066
-0.645490968295
-0.62990817524
-0.614319162758
-0.598724084768
-0.583123095248
-0.567516348236
-0.551903997826
-0.536286198167
-0.520663103461
-0.505034867965
-0.489401645984
-0.473763591874
-0.458120860038
-0.442473604924
-0.426821981027
-0.411166142885
-0.395506245074
-0.379842442215
-0.364174888964
-0.348503740016
-0.332829150101
-0.317151273981
-0.301470266455
-0.285786282348
-0.270099476517
-0.254410003847
-0.238718019248
-0.223023677656
-0.207327134029
-0.191628543349
-0.175928060615
-0.160225840848
-0.144522039084
-0.128816810375
-0.113110309787
-0.0974026923995
-0.081694113302
-0.0659847275941
-0.050274690383
-0.0345641567824
-0.0188532819111
-0.00314222089099
0.012568871154
0.0282798390996
0.0439905278229
0.0597007822038
0.0754104471263
0.0911193674803
0.106827388163
0.122534354081
0.13824011015
0.153944501299
0.169647372471
0.185348568621
0.201047934724
0.216745315771
0.232440556773
0.248133502763
0.263823998795
0.279511889949
0.29519702133
0.31087923807
0.326558385329
0.3422343083
0.357906852205
0.3735758623
0.389241183876
0.404902662263
0.420560142824
0.436213470966
0.451862492135
0.467507051819
0.48314699555
0.498782168908
0.514412417518
0.530037587053
0.545657523238
0.561272071849
0.576881078715
0.592484389719
0.608081850801
0.62367330796
0.639258607253
0.654837594796
0.670410116771
0.685976019421
0.701535149056
0.717087352052
0.732632474853
0.748170363975
0.763700866002
0.779223827595
0.794739095485
0.810246516483
0.825745937476
0.841237205428
0.856720167387
0.872194670481
0.88766056192
0.903117689004
0.918565899113
0.934005039721
0.949434958387
0.964855502765
0.980266520598
0.995667859725
1.01105936808
1.0264408937
1.0418122847
1.05717338932
1.0725240559
1.08786413286
1.10319346874
1.11851191219
1.13381931197
1.14911551693
1.16440037604
1.17967373839
1.19493545319
1.21018536973
1.22542333745
1.2406492059
1.25586282475
1.27106404377
1.28625271289
1.30142868213
1.31659180166
1.33174192176
1.34687889284
1.36200256546
1.37711279028
1.39220941811
1.4072922999
1.42236128673
1.43741622981
1.4524569805
1.46748339028
1.48249531081
1.49749259384
1.51247509132
1.5274426553
1.54239513801
1.55733239182
1.57225426923
1.58716062291
1.6020513057
1.61692617056
1.63178507062
1.64662785918
1.66145438969
1.67626451575
1.69105809113
1.70583496978
1.72059500579
1.73533805343
1.75006396713
1.76477260149
1.77946381129
1.79413745147
1.80879337716
1.82343144364
1.83805150639
1.85265342105
1.86723704346
1.88180222962
1.89634883572
1.91087671813
1.92538573341
1.93987573831
1.95434658976
1.96879814488
1.98323026098
1.99764279557
2.01203560635
2.02640855119
2.0407614882
2.05509427566
2.06940677206
2.08369883607
2.09797032658
2.1122211027
2.1264510237
2.14065994909
2.15484773858
2.16901425208
2.18315934972
2.19728289183
2.21138473898
2.22546475192
2.23952279163
2.25355871931
2.26757239638
2.28156368446
2.29553244543
2.30947854135
2.32340183453
2.3373021875
2.35117946301
2.36503352404
2.37886423381
2.39267145575
2.40645505354
2.42021489109
2.43395083254
2.44766274227
2.46135048488
2.47501392524
2.48865292844
2.50226735981
2.51585708493
2.52942196962
2.54296187995
2.55647668223
2.56996624302
2.58343042913
2.59686910763
2.61028214582
2.62366941127
2.63703077181
2.6503660955
2.66367525068
2.67695810594
2.69021453014
2.70344439238
2.71664756203
2.72982390875
2.74297330243
2.75609561323
2.7691907116
2.78225846825
2.79529875413
2.80831144051
2.82129639889
2.83425350108
2.84718261914
2.86008362541
2.87295639252
2.88580079336
2.89861670112
2.91140398925
2.9241625315
2.93689220191
2.94959287477
2.9622644247
2.97490672657
2.98751965557
3.00010308716
3.01265689709
3.02518096142
3.03767515649
3.05013935893
3.06257344568
3.07497729398
3.08735078135
3.09969378562
3.11200618493
3.1242878577
3.13653868267
3.14875853889
3.16094730569
3.17310486274
3.18523109
3.19732586773
3.20938907652
3.22142059726
3.23342031116
3.24538809974
3.25732384483
3.26922742859
3.28109873348
3.29293764229
3.30474403814
3.31651780444
3.32825882496
3.33996698376
3.35164216525
3.36328425414
3.3748931355
3.3864686947
3.39801081744
3.40951938977
3.42099429806
3.432435429
3.44384266964
3.45521590734
3.46655502981
3.47785992509
3.48913048157
3.50036658795
3.51156813331
3.52273500704
3.53386709889
3.54496429894
3.55602649763
3.56705358572
3.57804545436
3.58900199499
3.59992309946
3.61080865992
3.62165856889
3.63247271926
3.64325100424
3.65399331742
3.66469955273
3.67536960447
3.68600336727
3.69660073616
3.70716160649
3.71768587399
3.72817343475
3.73862418522
3.74903802222
3.75941484292
3.76975454486
3.78005702597
3.79032218451
3.80054991913
3.81074012885
3.82089271306
3.83100757151
3.84108460433
3.85112371203
3.86112479548
3.87108775594
3.88101249505
3.8908989148
3.90074691758
3.91055640616
3.92032728369
3.93005945369
3.93975282007
3.94940728712
3.95902275951
3.96859914232
3.97813634098
3.98763426134
3.99709280961
4.0065118924
4.01589141671
4.02523128994
4.03453141986
4.04379171466
4.05301208289
4.06219243353
4.07133267592
4.08043271983
4.0894924754
4.09851185318
4.10749076412
4.11642911956
4.12532683125
4.13418381135
4.14299997239
4.15177522733
4.16050948953
4.16920267275
4.17785469116
4.18646545934
4.19503489226
4.20356290531
4.21204941429
4.22049433541
4.22889758529
4.23725908095
4.24557873985
4.25385647983
4.26209221917
4.27028587655
4.27843737107
4.28654662224
4.29461355
4.3026380747
4.3106201171
4.31855959841
4.32645644022
4.33431056456
4.34212189389
4.34989035109
4.35761585945
4.36529834269
4.37293772496
4.38053393083
4.3880868853
4.39559651379
4.40306274217
4.4104854967
4.41786470411
4.42520029152
4.43249218653
4.43974031712
4.44694461173
4.45410499924
4.46122140893
4.46829377056
4.47532201428
4.48230607071
4.48924587089
4.49614134629
4.50299242884
4.50979905089
4.51656114524
4.52327864511
4.52995148419
4.53657959658
4.54316291686
4.54970138
4.55619492147
4.56264347713
4.56904698333
4.57540537684
4.58171859488
4.58798657511
4.59420925564
4.60038657505
4.60651847232
4.61260488693
4.61864575878
4.62464102821
4.63059063605
4.63649452354
4.64235263239
4.64816490476
4.65393128326
4.65965171096
4.66532613138
4.67095448849
4.67653672672
4.68207279096
4.68756262653
4.69300617924
4.69840339535
4.70375422155
4.70905860503
4.7143164934
4.71952783475
4.72469257764
4.72981067105
4.73488206447
4.73990670781
4.74488455147
4.7498155463
4.75469964361
4.75953679517
4.76432695324
4.7690700705
4.77376610014
4.77841499578
4.78301671152
4.78757120193
4.79207842204
4.79653832735
4.80095087382
4.80531601788
4.80963371644
4.81390392686
4.81812660698
4.82230171511
4.82642921003
4.83050905098
4.83454119768
4.83852561031
4.84246224955
4.84635107651
4.85019205281
4.85398514052
4.85773030218
4.86142750083
4.86507669995
4.86867786351
4.87223095597
4.87573594223
4.87919278769
4.88260145822
4.88596192016
4.88927414034
4.89253808604
4.89575372505
4.89892102562
4.90203995646
4.9051104868
4.9081325863
4.91110622513
4.91403137393
4.91690800382
4.9197360864
4.92251559374
4.9252464984
4.92792877341
4.9305623923
4.93314732905
4.93568355815
4.93817105456
4.94060979371
4.94299975153
4.94534090441
4.94763322925
4.94987670341
4.95207130473
4.95421701155
4.95631380269
4.95836165744
4.96036055558
4.96231047737
4.96421140357
4.96606331541
4.96786619459
4.96962002332
4.97132478428
4.97298046064
4.97458703605
4.97614449465
4.97765282106
4.9791120004
4.98052201824
4.98188286068
4.98319451427
4.98445696606
4.98567020359
4.98683421488
4.98794898844
4.98901451325
4.99003077881
4.99099777507
4.99191549249
4.992783922
4.99360305504
4.99437288351
4.99509339981
4.99576459683
4.99638646794
4.99695900701
4.99748220837
4.99795606687
4.99838057782
4.99875573704
4.99908154081
4.99935798593
4.99958506966
4.99976278975
4.99989114447
4.99997013253
4.99999975316
4.99998000607
4.99991089144
4.99979240998
4.99962456283
4.99940735166
4.99914077862
4.99882484634
4.99845955793
4.99804491701
4.99758092766
4.99706759447
4.99650492251
4.99589291733
4.99523158497
4.99452093197
4.99376096535
4.99295169259
4.9920931217
4.99118526116
4.99022811992
4.98922170743
4.98816603364
4.98706110897
4.98590694432
4.9847035511
4.98345094117
4.98214912692
4.9807981212
4.97939793734
4.97794858916
4.97645009099
4.97490245761
4.97330570431
4.97165984685
4.96996490147
4.96822088493
4.96642781443
4.96458570768
4.96269458287
4.96075445867
4.95876535423
4.95672728921
4.9546402837
4.95250435834
4.9503195342
4.94808583285
4.94580327635
4.94347188725
4.94109168854
4.93866270375
4.93618495684
4.93365847229
4.93108327504
4.92845939052
4.92578684463
4.92306566375
4.92029587477
4.91747750502
4.91461058234
4.91169513502
4.90873119186
4.90571878212
4.90265793555
4.89954868236
4.89639105325
4.8931850794
4.88993079247
4.88662822459
4.88327740836
4.87987837687
4.87643116368
4.87293580283
4.86939232882
4.86580077665
4.86216118177
4.85847358013
4.85473800812
4.85095450265
4.84712310105
4.84324384116
4.83931676128
4.83534190019
4.83131929714
4.82724899183
4.82313102446
4.81896543569
4.81475226665
4.81049155893
4.8061833546
4.80182769621
4.79742462675
4.79297418971
4.78847642901
4.78393138908
4.77933911478
4.77469965146
4.77001304493
4.76527934146
4.76049858779
4.75567083111
4.75079611911
4.74587449991
4.7409060221
4.73589073474
4.73082868734
4.7257199299
4.72056451285
4.71536248709
4.71011390398
4.70481881535
4.69947727348
4.69408933111
4.68865504143
4.6831744581
4.67764763525
4.67207462742
4.66645548965
4.66079027743
4.65507904668
4.64932185379
4.64351875562
4.63766980945
4.63177507305
4.6258346046
4.61984846276
4.61381670664
4.60773939579
4.60161659021
4.59544835037
4.58923473716
4.58297581193
4.57667163649
4.57032227307
4.56392778436
4.55748823351
4.55100368409
4.54447420013
4.5378998461
4.5312806869
4.52461678791
4.5179082149
4.51115503412
4.50435731225
4.4975151164
4.49062851414
4.48369757345
4.47672236276
4.46970295096
4.46263940734
4.45553180165
4.44838020407
4.4411846852
4.43394531609
4.42666216823
4.41933531351
4.41196482429
4.40455077333
4.39709323384
4.38959227945
4.38204798423
4.37446042265
4.36682966964
4.35915580054
4.35143889112
4.34367901757
4.3358762565
4.32803068497
4.32014238043
4.31221142077
4.30423788429
4.29622184972
4.28816339622
4.28006260334
4.27191955106
4.2637343198
4.25550699036
4.24723764398
4.23892636231
4.2305732274
4.22217832174
4.21374172821
4.20526353011
4.19674381115
4.18818265546
4.17958014754
4.17093637236
4.16225141525
4.15352536195
4.14475829864
4.13595031187
4.1271014886
4.11821191622
4.10928168248
4.10031087556
4.09129958403
4.08224789688
4.07315590346
4.06402369356
4.05485135733
4.04563898535
4.03638666856
4.02709449833
4.0177625664
4.00839096491
3.99897978638
3.98952912375
3.98003907033
3.9705097198
3.96094116627
3.95133350421
3.94168682848
3.93200123432
3.92227681737
3.91251367365
3.90271189954
3.89287159183
3.88299284768
3.87307576461
3.86312044057
3.85312697382
3.84309546305
3.83302600731
3.82291870601
3.81277365895
3.80259096629
3.79237072858
3.78211304673
3.77181802201
3.76148575608
3.75111635094
3.74070990899
3.73026653297
3.719786326
3.70926939154
3.69871583345
3.68812575592
3.67749926351
3.66683646114
3.6561374541
3.64540234802
3.6346312489
3.62382426308
3.61298149726
3.60210305851
3.59118905424
3.58023959219
3.56925478049
3.55823472758
3.54717954229
3.53608933376
3.52496421149
3.51380428532
3.50260966545
3.49138046241
3.48011678706
3.46881875062
3.45748646464
3.44612004101
3.43471959196
3.42328523005
3.41181706818
3.40031521958
3.38877979781
3.37721091677
3.36560869069
3.35397323412
3.34230466194
3.33060308936
3.31886863192
3.30710140549
3.29530152623
3.28346911067
3.27160427563
3.25970713825
3.24777781601
3.23581642669
3.22382308839
3.21179791952
3.19974103882
3.18765256533
3.17553261841
3.16338131773
3.15119878326
3.13898513528
3.12674049439
3.11446498149
3.10215871778
3.08982182476
3.07745442424
3.06505663834
3.05262858947
3.04017040033
3.02768219392
3.01516409356
3.00261622285
2.99003870566
2.97743166619
2.96479522892
2.9521295186
2.9394346603
2.92671077936
2.91395800141
2.90117645236
2.88836625841
2.87552754605
2.86266044204
2.84976507342
2.83684156751
2.82389005193
2.81091065453
2.79790350348
2.78486872721
2.7718064544
2.75871681404
2.74559993537
2.73245594789
2.71928498138
2.70608716589
2.69286263172
2.67961150946
2.66633392992
2.65303002422
2.63969992371
2.62634376
2.61296166496
2.59955377073
2.58612020969
2.57266111448
2.55917661797
2.54566685332
2.53213195392
2.51857205339
2.50498728563
2.49137778477
2.47774368517
2.46408512146
2.45040222849
2.43669514136
2.42296399542
2.40920892623
2.3954300696
2.38162756159
2.36780153847
2.35395213676
2.34007949319
2.32618374474
2.31226502861
2.29832348223
2.28435924324
2.27037244954
2.2563632392
2.24233175056
2.22827812216
2.21420249276
2.20010500132
2.18598578705
2.17184498935
2.15768274783
2.14349920234
2.12929449292
2.1150687598
2.10082214346
2.08655478456
2.07226682397
2.05795840275
2.04362966219
2.02928074376
2.01491178913
2.00052294018
1.98611433898
1.97168612779
1.95723844906
1.94277144545
1.9282852598
1.91378003514
1.89925591469
1.88471304184
1.8701515602
1.85557161353
1.84097334578
1.82635690111
1.81172242382
1.7970700584
1.78239994953
1.76771224206
1.75300708099
1.73828461154
1.72354497905
1.70878832906
1.69401480727
1.67922455955
1.66441773194
1.64959447061
1.63475492194
1.61989923245
1.60502754881
1.59014001785
1.57523678657
1.56031800213
1.54538381181
1.53043436307
1.51546980353
1.50049028092
1.48549594315
1.47048693827
1.45546341448
1.4404255201
1.42537340361
1.41030721363
1.39522709892
1.38013320838
1.36502569102
1.34990469602
1.33477037268
1.31962287042
1.30446233881
1.28928892752
1.27410278639
1.25890406534
1.24369291445
1.2284694839
1.213233924
1.19798638518
1.18272701798
1.16745597308
1.15217340125
1.13687945338
1.12157428048
1.10625803367
1.09093086416
1.07559292331
1.06024436253
1.04488533339
1.02951598752
1.01413647668
0.998746952722
0.983347567587
0.967938473326
0.95251982208
0.937091766086
0.921654457674
0.906208049266
0.890752693371
0.875288542589
0.859815749605
0.844334467193
0.828844848205
0.813347045581
0.797841212337
0.782327501572
0.766806066461
0.751277060256
0.735740636282
0.72019694794
0.704646148701
0.689088392106
0.673523831766
0.657952621358
0.642374914625
0.626790865373
0.611200627474
0.595604354858
0.580002201515
0.564394321494
0.5487808689
0.533161997894
0.517537862688
0.501908617549
0.486274416792
0.470635414783
0.454991765934
0.439343624703
0.423691145593
0.408034483149
0.392373791958
0.376709226646
0.36104094188
0.345369092358
0.32969383282
0.314015318035
0.298333702805
0.282649141964
0.266961790373
0.251271802924
0.23557933453
0.219884540134
0.204187574698
0.188488593206
0.172787750664
0.157085202094
0.141381102536
0.125675607045
0.109968870691
0.0942610485537
0.078552295726
0.0628427673086
0.0471326184103
0.0314220041459
0.015711079635
3.06161699787e-15
